Timestamp	Time [s]	WL 1[nm]	WL 2[nm]	WL 3[nm]	WL 4[nm]	WL 5[nm]	WL 6[nm]	WL 7[nm]	WL 8[nm]	
2025-12-11T16:44:06Z	221.00000	1559.87560	1540.35395
2025-12-11T16:44:06Z	222.00000	1559.91059	1540.34592
2025-12-11T16:44:06Z	222.00000	1559.92277	1540.41588
2025-12-11T16:44:07Z	222.00000	1559.93356	1540.73281
2025-12-11T16:44:07Z	222.00000	1559.93800	1540.74108
2025-12-11T16:44:07Z	223.00000	1559.94225	1540.74568
2025-12-11T16:44:07Z	223.00000	1559.94325	1540.78034
2025-12-11T16:44:08Z	223.00000	1559.94332	1540.69904
2025-12-11T16:44:08Z	223.00000	1559.94059	1540.54567
2025-12-11T16:44:08Z	224.00000	1559.93278	1540.41443
2025-12-11T16:44:08Z	224.00000	1559.93006	1540.36286
2025-12-11T16:44:09Z	224.00000	1559.92810	1540.30768
2025-12-11T16:44:09Z	224.00000	1559.92665	1540.27575
2025-12-11T16:44:09Z	225.00000	1559.92773	1540.24790
2025-12-11T16:44:09Z	225.00000	1559.92547	1540.23974
2025-12-11T16:44:10Z	225.00000	1559.92583	1540.27481
2025-12-11T16:44:10Z	225.00000	1559.93275	1540.38608
2025-12-11T16:44:10Z	226.00000	1559.93213	1540.43717
2025-12-11T16:44:10Z	226.00000	1559.93489	1540.56094
2025-12-11T16:44:11Z	226.00000	1559.94335	1540.62640
2025-12-11T16:44:11Z	226.00000	1559.94343	1540.68086
2025-12-11T16:44:11Z	227.00000	1559.94451	1540.59964
2025-12-11T16:44:11Z	227.00000	1559.93861	1540.48633
2025-12-11T16:44:12Z	227.00000	1559.93465	1540.40254
2025-12-11T16:44:12Z	228.00000	1559.93290	1540.34381
2025-12-11T16:44:12Z	228.00000	1559.92949	1540.31078
2025-12-11T16:44:13Z	228.00000	1559.92796	1540.27606
2025-12-11T16:44:13Z	228.00000	1559.92872	1540.25324
2025-12-11T16:44:13Z	229.00000	1559.92673	1540.24231
2025-12-11T16:44:13Z	229.00000	1559.92650	1540.23572
2025-12-11T16:44:14Z	229.00000	1559.92733	1540.23500
2025-12-11T16:44:14Z	229.00000	1559.92533	1540.24719
2025-12-11T16:44:14Z	230.00000	1559.93010	1540.33510
2025-12-11T16:44:14Z	230.00000	1559.93366	1540.39292
2025-12-11T16:44:15Z	230.00000	1559.93403	1540.46565
2025-12-11T16:44:15Z	230.00000	1559.94029	1540.57864
2025-12-11T16:44:15Z	231.00000	1559.94039	1540.49725
2025-12-11T16:44:15Z	231.00000	1559.93216	1540.39647
2025-12-11T16:44:16Z	231.00000	1559.92842	1540.34120
2025-12-11T16:44:16Z	231.00000	1559.92823	1540.29599
2025-12-11T16:44:16Z	232.00000	1559.92660	1540.27113
2025-12-11T16:44:16Z	232.00000	1559.92856	1540.24321
2025-12-11T16:44:17Z	232.00000	1559.92484	1540.23931
2025-12-11T16:44:17Z	232.00000	1559.92497	1540.23260
2025-12-11T16:44:17Z	233.00000	1559.92827	1540.23406
2025-12-11T16:44:18Z	233.00000	1559.92750	1540.31232
2025-12-11T16:44:18Z	233.00000	1559.93048	1540.38616
2025-12-11T16:44:18Z	234.00000	1559.93557	1540.42140
2025-12-11T16:44:18Z	234.00000	1559.93611	1540.48749
2025-12-11T16:44:19Z	234.00000	1559.93740	1540.52524
2025-12-11T16:44:19Z	235.00000	1559.93724	1540.40191
2025-12-11T16:44:19Z	235.00000	1559.93015	1540.31344
2025-12-11T16:44:20Z	235.00000	1559.92900	1540.26808
2025-12-11T16:44:20Z	235.00000	1559.92913	1540.23875
2025-12-11T16:44:20Z	236.00000	1559.92655	1540.23307
2025-12-11T16:44:20Z	236.00000	1559.92673	1540.23148
2025-12-11T16:44:21Z	236.00000	1559.92947	1540.22867
2025-12-11T16:44:21Z	237.00000	1559.92769	1540.26455
2025-12-11T16:44:21Z	237.00000	1559.93014	1540.33549
2025-12-11T16:44:22Z	237.00000	1559.93371	1540.39439
2025-12-11T16:44:22Z	237.00000	1559.93579	1540.44649
2025-12-11T16:44:22Z	238.00000	1559.93782	1540.47368
2025-12-11T16:44:22Z	238.00000	1559.93628	1540.39508
2025-12-11T16:44:23Z	238.00000	1559.93093	1540.31901
2025-12-11T16:44:23Z	238.00000	1559.92893	1540.26667
2025-12-11T16:44:23Z	239.00000	1559.92977	1540.24183
2025-12-11T16:44:24Z	239.00000	1559.92642	1540.23033
2025-12-11T16:44:24Z	239.00000	1559.92661	1540.22855
2025-12-11T16:44:24Z	240.00000	1559.92890	1540.22897
2025-12-11T16:44:24Z	240.00000	1559.92822	1540.25138
2025-12-11T16:44:25Z	240.00000	1559.92920	1540.36110
2025-12-11T16:44:25Z	240.00000	1559.93603	1540.41429
2025-12-11T16:44:25Z	241.00000	1559.93731	1540.48561
2025-12-11T16:44:25Z	241.00000	1559.94212	1540.60796
2025-12-11T16:44:26Z	241.00000	1559.94483	1540.58957
2025-12-11T16:44:26Z	242.00000	1559.93889	1540.45653
2025-12-11T16:44:26Z	242.00000	1559.93388	1540.39109
2025-12-11T16:44:27Z	242.00000	1559.93082	1540.32263
2025-12-11T16:44:27Z	242.00000	1559.92820	1540.26932
2025-12-11T16:44:27Z	243.00000	1559.92936	1540.23641
2025-12-11T16:44:28Z	243.00000	1559.92479	1540.23275
2025-12-11T16:44:28Z	243.00000	1559.92436	1540.22852
2025-12-11T16:44:28Z	244.00000	1559.92865	1540.26506
2025-12-11T16:44:28Z	244.00000	1559.93028	1540.36284
2025-12-11T16:44:29Z	244.00000	1559.93251	1540.41423
2025-12-11T16:44:29Z	244.00000	1559.93773	1540.49944
2025-12-11T16:44:29Z	245.00000	1559.94333	1540.59112
2025-12-11T16:44:29Z	245.00000	1559.94348	1540.63296
2025-12-11T16:44:30Z	245.00000	1559.93682	1540.45331
2025-12-11T16:44:30Z	246.00000	1559.93781	1540.51527
2025-12-11T16:44:30Z	246.00000	1559.93739	1540.58146
2025-12-11T16:44:31Z	246.00000	1559.93530	1540.64808
2025-12-11T16:44:31Z	246.00000	1559.93726	1540.36681
2025-12-11T16:44:31Z	247.00000	1559.94139	1540.39500
2025-12-11T16:44:31Z	247.00000	1559.94244	1540.40430
2025-12-11T16:44:32Z	247.00000	1559.93816	1540.41183
2025-12-11T16:44:32Z	247.00000	1559.93987	1540.44792
2025-12-11T16:44:32Z	248.00000	1559.95769	1540.47219
2025-12-11T16:44:33Z	248.00000	1559.96739	1540.54799
2025-12-11T16:44:33Z	248.00000	1559.96582	1540.57858
2025-12-11T16:44:33Z	249.00000	1559.97086	1540.48819
2025-12-11T16:44:33Z	249.00000	1559.96677	1540.40658
2025-12-11T16:44:34Z	249.00000	1559.95362	1540.32276
2025-12-11T16:44:34Z	249.00000	1559.94282	1540.28035
2025-12-11T16:44:34Z	250.00000	1559.93639	1540.26109
2025-12-11T16:44:34Z	250.00000	1559.93243	1540.24581
2025-12-11T16:44:35Z	250.00000	1559.92790	1540.24052
2025-12-11T16:44:35Z	251.00000	1559.92945	1540.24283
2025-12-11T16:44:35Z	251.00000	1559.92975	1540.26234
2025-12-11T16:44:36Z	251.00000	1559.92991	1540.25967
2025-12-11T16:44:36Z	251.00000	1559.93183	1540.26213
2025-12-11T16:44:36Z	252.00000	1559.92991	1540.27693
2025-12-11T16:44:36Z	252.00000	1559.93495	1540.35401
2025-12-11T16:44:37Z	252.00000	1559.94006	1540.39798
2025-12-11T16:44:37Z	253.00000	1559.94598	1540.41408
2025-12-11T16:44:37Z	253.00000	1559.95648	1540.42130
2025-12-11T16:44:38Z	253.00000	1559.95853	1540.44754
2025-12-11T16:44:38Z	253.00000	1559.96025	1540.43498
2025-12-11T16:44:38Z	254.00000	1559.94905	1540.34435
2025-12-11T16:44:38Z	254.00000	1559.94178	1540.28250
2025-12-11T16:44:39Z	254.00000	1559.93578	1540.25579
2025-12-11T16:44:39Z	255.00000	1559.93104	1540.23668
2025-12-11T16:44:39Z	255.00000	1559.93009	1540.23217
2025-12-11T16:44:40Z	255.00000	1559.92784	1540.22907
2025-12-11T16:44:40Z	255.00000	1559.92670	1540.23473
2025-12-11T16:44:40Z	256.00000	1559.92843	1540.23920
2025-12-11T16:44:40Z	256.00000	1559.92652	1540.23256
2025-12-11T16:44:41Z	256.00000	1559.92632	1540.25048
2025-12-11T16:44:41Z	256.00000	1559.92961	1540.31100
2025-12-11T16:44:41Z	257.00000	1559.93211	1540.37185
2025-12-11T16:44:42Z	257.00000	1559.93756	1540.39664
2025-12-11T16:44:42Z	257.00000	1559.94201	1540.40087
2025-12-11T16:44:42Z	258.00000	1559.94247	1540.40672
2025-12-11T16:44:42Z	258.00000	1559.94476	1540.41465
2025-12-11T16:44:43Z	258.00000	1559.94768	1540.41496
2025-12-11T16:44:43Z	258.00000	1559.94439	1540.36302
2025-12-11T16:44:43Z	259.00000	1559.93950	1540.29613
2025-12-11T16:44:44Z	259.00000	1559.93324	1540.26366
2025-12-11T16:44:44Z	259.00000	1559.93188	1540.25233
2025-12-11T16:44:44Z	260.00000	1559.92994	1540.22854
2025-12-11T16:44:44Z	260.00000	1559.92724	1540.22901
2025-12-11T16:44:45Z	260.00000	1559.92933	1540.22802
2025-12-11T16:44:45Z	260.00000	1559.92453	1540.22769
2025-12-11T16:44:45Z	261.00000	1559.92535	1540.22632
2025-12-11T16:44:45Z	261.00000	1559.92812	1540.22737
2025-12-11T16:44:46Z	261.00000	1559.92493	1540.22971
2025-12-11T16:44:46Z	262.00000	1559.92495	1540.22839
2025-12-11T16:44:46Z	262.00000	1559.92813	1540.22837
2025-12-11T16:44:47Z	262.00000	1559.92446	1540.22784
2025-12-11T16:44:47Z	262.00000	1559.92728	1540.23167
2025-12-11T16:44:47Z	263.00000	1559.92721	1540.22936
2025-12-11T16:44:47Z	263.00000	1559.92594	1540.22789
2025-12-11T16:44:48Z	263.00000	1559.92873	1540.22681
2025-12-11T16:44:48Z	264.00000	1559.92720	1540.26702
2025-12-11T16:44:48Z	264.00000	1559.93258	1540.34677
2025-12-11T16:44:49Z	264.00000	1559.93523	1540.39509
2025-12-11T16:44:49Z	264.00000	1559.93950	1540.41277
2025-12-11T16:44:49Z	265.00000	1559.94558	1540.43055
2025-12-11T16:44:49Z	265.00000	1559.94748	1540.40765
2025-12-11T16:44:50Z	265.00000	1559.94135	1540.32505
2025-12-11T16:44:50Z	266.00000	1559.93406	1540.27821
2025-12-11T16:44:50Z	266.00000	1559.93313	1540.24864
2025-12-11T16:44:51Z	266.00000	1559.92934	1540.23894
2025-12-11T16:44:51Z	266.00000	1559.92971	1540.22934
2025-12-11T16:44:51Z	267.00000	1559.92677	1540.22820
2025-12-11T16:44:51Z	267.00000	1559.92601	1540.22491
2025-12-11T16:44:52Z	267.00000	1559.93062	1540.25839
2025-12-11T16:44:52Z	268.00000	1559.93198	1540.36246
2025-12-11T16:44:52Z	268.00000	1559.93671	1540.40440
2025-12-11T16:44:53Z	268.00000	1559.94246	1540.41457
2025-12-11T16:44:53Z	268.00000	1559.93334	1540.31635
2025-12-11T16:44:53Z	269.00000	1559.92750	1540.26316
2025-12-11T16:44:53Z	269.00000	1559.92959	1540.23265
2025-12-11T16:44:54Z	269.00000	1559.92619	1540.23025
2025-12-11T16:44:54Z	270.00000	1559.92999	1540.23269
2025-12-11T16:44:54Z	270.00000	1559.92980	1540.23269
2025-12-11T16:44:55Z	270.00000	1559.92775	1540.23054
2025-12-11T16:44:55Z	270.00000	1559.93215	1540.32020
2025-12-11T16:44:55Z	271.00000	1559.93486	1540.38194
2025-12-11T16:44:55Z	271.00000	1559.93563	1540.39852
2025-12-11T16:44:56Z	271.00000	1559.93881	1540.40712
2025-12-11T16:44:56Z	271.00000	1559.93810	1540.35833
2025-12-11T16:44:56Z	272.00000	1559.93146	1540.29147
2025-12-11T16:44:57Z	272.00000	1559.93155	1540.27055
2025-12-11T16:44:57Z	272.00000	1559.93094	1540.23796
2025-12-11T16:44:57Z	273.00000	1559.92813	1540.22944
2025-12-11T16:44:57Z	273.00000	1559.92909	1540.23469
2025-12-11T16:44:58Z	273.00000	1559.92965	1540.23292
2025-12-11T16:44:58Z	273.00000	1559.92958	1540.26351
2025-12-11T16:44:58Z	274.00000	1559.93107	1540.32708
2025-12-11T16:44:59Z	274.00000	1559.93326	1540.37444
2025-12-11T16:44:59Z	274.00000	1559.92994	1540.32800
2025-12-11T16:44:59Z	275.00000	1559.92901	1540.27288
2025-12-11T16:44:59Z	275.00000	1559.92917	1540.23081
2025-12-11T16:45:00Z	275.00000	1559.92738	1540.22733
2025-12-11T16:45:00Z	275.00000	1559.92848	1540.23017
2025-12-11T16:45:00Z	276.00000	1559.92924	1540.22711
2025-12-11T16:45:00Z	276.00000	1559.92747	1540.22683
2025-12-11T16:45:01Z	276.00000	1559.92783	1540.23118
2025-12-11T16:45:01Z	277.00000	1559.92760	1540.23787
2025-12-11T16:45:01Z	277.00000	1559.92864	1540.26750
2025-12-11T16:45:02Z	277.00000	1559.93296	1540.33219
2025-12-11T16:45:02Z	277.00000	1559.93297	1540.37654
2025-12-11T16:45:02Z	278.00000	1559.93599	1540.40219
2025-12-11T16:45:02Z	278.00000	1559.94295	1540.41404
2025-12-11T16:45:03Z	278.00000	1559.94460	1540.42843
2025-12-11T16:45:03Z	279.00000	1559.94203	1540.40262
2025-12-11T16:45:03Z	279.00000	1559.93741	1540.31508
2025-12-11T16:45:04Z	279.00000	1559.93131	1540.27981
2025-12-11T16:45:04Z	279.00000	1559.92790	1540.26208
2025-12-11T16:45:04Z	280.00000	1559.92824	1540.24811
2025-12-11T16:45:04Z	280.00000	1559.92718	1540.23248
2025-12-11T16:45:05Z	280.00000	1559.93071	1540.23241
2025-12-11T16:45:05Z	281.00000	1559.92873	1540.23077
2025-12-11T16:45:05Z	281.00000	1559.93186	1540.32483
2025-12-11T16:45:06Z	281.00000	1559.94283	1540.40568
2025-12-11T16:45:06Z	281.00000	1559.94418	1540.41022
2025-12-11T16:45:06Z	282.00000	1559.94480	1540.41973
2025-12-11T16:45:06Z	282.00000	1559.95033	1540.43657
2025-12-11T16:45:07Z	282.00000	1559.95331	1540.40912
2025-12-11T16:45:07Z	282.00000	1559.94479	1540.33050
2025-12-11T16:45:07Z	283.00000	1559.93818	1540.28816
2025-12-11T16:45:08Z	283.00000	1559.93373	1540.26474
2025-12-11T16:45:08Z	283.00000	1559.93233	1540.24680
2025-12-11T16:45:08Z	284.00000	1559.92740	1540.23206
2025-12-11T16:45:08Z	284.00000	1559.92838	1540.22919
2025-12-11T16:45:09Z	284.00000	1559.92704	1540.22967
2025-12-11T16:45:09Z	285.00000	1559.92799	1540.22648
2025-12-11T16:45:09Z	285.00000	1559.92974	1540.22511
2025-12-11T16:45:10Z	285.00000	1559.92779	1540.23369
2025-12-11T16:45:10Z	285.00000	1559.93034	1540.30211
2025-12-11T16:45:10Z	286.00000	1559.93561	1540.37785
2025-12-11T16:45:10Z	286.00000	1559.93791	1540.39864
2025-12-11T16:45:11Z	286.00000	1559.94256	1540.41291
2025-12-11T16:45:11Z	286.00000	1559.94652	1540.43131
2025-12-11T16:45:11Z	287.00000	1559.94590	1540.43613
2025-12-11T16:45:12Z	287.00000	1559.94848	1540.40418
2025-12-11T16:45:12Z	287.00000	1559.93945	1540.31424
2025-12-11T16:45:12Z	288.00000	1559.93330	1540.27599
2025-12-11T16:45:12Z	288.00000	1559.93391	1540.24891
2025-12-11T16:45:13Z	288.00000	1559.92985	1540.23075
2025-12-11T16:45:13Z	288.00000	1559.92932	1540.22856
2025-12-11T16:45:13Z	289.00000	1559.92914	1540.22777
2025-12-11T16:45:13Z	289.00000	1559.92487	1540.22478
2025-12-11T16:45:14Z	289.00000	1559.92542	1540.22385
2025-12-11T16:45:14Z	290.00000	1559.92744	1540.22285
2025-12-11T16:45:14Z	290.00000	1559.92496	1540.22420
2025-12-11T16:45:15Z	290.00000	1559.92678	1540.22890
2025-12-11T16:45:15Z	290.00000	1559.92692	1540.23422
2025-12-11T16:45:15Z	291.00000	1559.92598	1540.24521
2025-12-11T16:45:15Z	291.00000	1559.92925	1540.23112
2025-12-11T16:45:16Z	291.00000	1559.92718	1540.25317
2025-12-11T16:45:16Z	292.00000	1559.93154	1540.33754
2025-12-11T16:45:16Z	292.00000	1559.93707	1540.40064
2025-12-11T16:45:17Z	292.00000	1559.93893	1540.41227
2025-12-11T16:45:17Z	292.00000	1559.94462	1540.42769
2025-12-11T16:45:17Z	293.00000	1559.94910	1540.42644
2025-12-11T16:45:17Z	293.00000	1559.94058	1540.33700
2025-12-11T16:45:18Z	293.00000	1559.93683	1540.28211
2025-12-11T16:45:18Z	293.00000	1559.93086	1540.26445
2025-12-11T16:45:18Z	294.00000	1559.93018	1540.23958
2025-12-11T16:45:19Z	294.00000	1559.92785	1540.23193
2025-12-11T16:45:19Z	294.00000	1559.92283	1540.23420
2025-12-11T16:45:19Z	295.00000	1559.92787	1540.23009
2025-12-11T16:45:19Z	295.00000	1559.92549	1540.22851
2025-12-11T16:45:20Z	295.00000	1559.92781	1540.23180
2025-12-11T16:45:20Z	295.00000	1559.92839	1540.22858
2025-12-11T16:45:20Z	296.00000	1559.92569	1540.23338
2025-12-11T16:45:20Z	296.00000	1559.92942	1540.28274
2025-12-11T16:45:21Z	296.00000	1559.93391	1540.36500
2025-12-11T16:45:21Z	297.00000	1559.93449	1540.40083
2025-12-11T16:45:21Z	297.00000	1559.93375	1540.38701
2025-12-11T16:45:22Z	297.00000	1559.93287	1540.29220
2025-12-11T16:45:22Z	297.00000	1559.92680	1540.25882
2025-12-11T16:45:22Z	298.00000	1559.92895	1540.24513
2025-12-11T16:45:22Z	298.00000	1559.92761	1540.23228
2025-12-11T16:45:23Z	298.00000	1559.92513	1540.23171
2025-12-11T16:45:23Z	299.00000	1559.92772	1540.24179
2025-12-11T16:45:23Z	299.00000	1559.92558	1540.23557
2025-12-11T16:45:24Z	299.00000	1559.92563	1540.23340
2025-12-11T16:45:24Z	299.00000	1559.92974	1540.23892
2025-12-11T16:45:24Z	300.00000	1559.92575	1540.23782
2025-12-11T16:45:24Z	300.00000	1559.92620	1540.24266
2025-12-11T16:45:25Z	300.00000	1559.92989	1540.24406
2025-12-11T16:45:25Z	300.00000	1559.92567	1540.24387
2025-12-11T16:45:25Z	301.00000	1559.92934	1540.25640
2025-12-11T16:45:26Z	301.00000	1559.92971	1540.25627
2025-12-11T16:45:26Z	301.00000	1559.92839	1540.27034
2025-12-11T16:45:26Z	302.00000	1559.93045	1540.30623
2025-12-11T16:45:26Z	302.00000	1559.92900	1540.29946
2025-12-11T16:45:27Z	302.00000	1559.92997	1540.28841
2025-12-11T16:45:27Z	302.00000	1559.93100	1540.27564
2025-12-11T16:45:27Z	303.00000	1559.91527	1540.25620
2025-12-11T16:45:27Z	303.00000	1559.92712	1540.29454
2025-12-11T16:45:28Z	303.00000	1559.92717	1540.28633
2025-12-11T16:45:28Z	304.00000	1559.92729	1540.31676
2025-12-11T16:45:28Z	304.00000	1559.93172	1540.30423
2025-12-11T16:45:29Z	304.00000	1559.92972	1540.29867
2025-12-11T16:45:29Z	304.00000	1559.93235	1540.30194
2025-12-11T16:45:29Z	305.00000	1559.93129	1540.36033
2025-12-11T16:45:29Z	305.00000	1559.93767	1540.39435
2025-12-11T16:45:30Z	305.00000	1559.93967	1540.40389
2025-12-11T16:45:30Z	305.00000	1559.94016	1540.40998
2025-12-11T16:45:30Z	306.00000	1559.93922	1540.39070
2025-12-11T16:45:30Z	306.00000	1559.93514	1540.31141
2025-12-11T16:45:31Z	306.00000	1559.93399	1540.28411
2025-12-11T16:45:31Z	307.00000	1559.93123	1540.25864
2025-12-11T16:45:31Z	307.00000	1559.93055	1540.25573
2025-12-11T16:45:32Z	307.00000	1559.92921	1540.26302
2025-12-11T16:45:32Z	307.00000	1559.92984	1540.30762
2025-12-11T16:45:32Z	308.00000	1559.93402	1540.32448
2025-12-11T16:45:32Z	308.00000	1559.93210	1540.31189
2025-12-11T16:45:33Z	308.00000	1559.93398	1540.36259
2025-12-11T16:45:33Z	309.00000	1559.93980	1540.39881
2025-12-11T16:45:33Z	309.00000	1559.94579	1540.40894
2025-12-11T16:45:34Z	309.00000	1559.94732	1540.41466
2025-12-11T16:45:34Z	309.00000	1559.95481	1540.41898
2025-12-11T16:45:34Z	310.00000	1559.94986	1540.37969
2025-12-11T16:45:34Z	310.00000	1559.93840	1540.30109
2025-12-11T16:45:35Z	310.00000	1559.93767	1540.28212
2025-12-11T16:45:35Z	310.00000	1559.93721	1540.25402
2025-12-11T16:45:35Z	311.00000	1559.93393	1540.24625
2025-12-11T16:45:36Z	311.00000	1559.93411	1540.23926
2025-12-11T16:45:36Z	311.00000	1559.93307	1540.23255
2025-12-11T16:45:36Z	312.00000	1559.93237	1540.22957
2025-12-11T16:45:36Z	312.00000	1559.93362	1540.23235
2025-12-11T16:45:37Z	312.00000	1559.93302	1540.23278
2025-12-11T16:45:37Z	312.00000	1559.93220	1540.23233
2025-12-11T16:45:37Z	313.00000	1559.93329	1540.23822
2025-12-11T16:45:37Z	313.00000	1559.93721	1540.32508
2025-12-11T16:45:38Z	313.00000	1559.93820	1540.38529
2025-12-11T16:45:38Z	314.00000	1559.94036	1540.40639
2025-12-11T16:45:38Z	314.00000	1559.94977	1540.41201
2025-12-11T16:45:39Z	314.00000	1559.95247	1540.41990
2025-12-11T16:45:39Z	314.00000	1559.95985	1540.42589
2025-12-11T16:45:39Z	315.00000	1559.95073	1540.34827
2025-12-11T16:45:39Z	315.00000	1559.94324	1540.29216
2025-12-11T16:45:40Z	315.00000	1559.94080	1540.25668
2025-12-11T16:45:40Z	316.00000	1559.93488	1540.23757
2025-12-11T16:45:40Z	316.00000	1559.93238	1540.23089
2025-12-11T16:45:41Z	316.00000	1559.93176	1540.22861
2025-12-11T16:45:41Z	316.00000	1559.93134	1540.22695
2025-12-11T16:45:41Z	317.00000	1559.93352	1540.22775
2025-12-11T16:45:41Z	317.00000	1559.93201	1540.22813
2025-12-11T16:45:42Z	317.00000	1559.93478	1540.29744
2025-12-11T16:45:42Z	317.00000	1559.93819	1540.37214
2025-12-11T16:45:42Z	318.00000	1559.94322	1540.39876
2025-12-11T16:45:42Z	318.00000	1559.94736	1540.41031
2025-12-11T16:45:43Z	318.00000	1559.95148	1540.41735
2025-12-11T16:45:43Z	319.00000	1559.96235	1540.43255
2025-12-11T16:45:43Z	319.00000	1559.95855	1540.40866
2025-12-11T16:45:44Z	319.00000	1559.94725	1540.32775
2025-12-11T16:45:44Z	319.00000	1559.94290	1540.27958
2025-12-11T16:45:44Z	320.00000	1559.93662	1540.26205
2025-12-11T16:45:44Z	320.00000	1559.93551	1540.24202
2025-12-11T16:45:45Z	320.00000	1559.93355	1540.23480
2025-12-11T16:45:45Z	320.00000	1559.93149	1540.23228
2025-12-11T16:45:45Z	321.00000	1559.93344	1540.23223
2025-12-11T16:45:46Z	321.00000	1559.93261	1540.23228
2025-12-11T16:45:46Z	321.00000	1559.93181	1540.22900
2025-12-11T16:45:46Z	322.00000	1559.93288	1540.22921
2025-12-11T16:45:46Z	322.00000	1559.93191	1540.23080
2025-12-11T16:45:47Z	322.00000	1559.93499	1540.31224
2025-12-11T16:45:47Z	322.00000	1559.93887	1540.38543
2025-12-11T16:45:47Z	323.00000	1559.94451	1540.40620
2025-12-11T16:45:47Z	323.00000	1559.94915	1540.41804
2025-12-11T16:45:48Z	323.00000	1559.96339	1540.44854
2025-12-11T16:45:48Z	324.00000	1559.96771	1540.45464
2025-12-11T16:45:48Z	324.00000	1559.96590	1540.40342
2025-12-11T16:45:49Z	324.00000	1559.95598	1540.32808
2025-12-11T16:45:49Z	324.00000	1559.94322	1540.28189
2025-12-11T16:45:49Z	325.00000	1559.93680	1540.25227
2025-12-11T16:45:49Z	325.00000	1559.93595	1540.24026
2025-12-11T16:45:50Z	325.00000	1559.93392	1540.22916
2025-12-11T16:45:50Z	325.00000	1559.93331	1540.22812
2025-12-11T16:45:50Z	326.00000	1559.92965	1540.22242
2025-12-11T16:45:51Z	326.00000	1559.93205	1540.23008
2025-12-11T16:45:51Z	326.00000	1559.93187	1540.22704
2025-12-11T16:45:51Z	327.00000	1559.93127	1540.22544
2025-12-11T16:45:51Z	327.00000	1559.93169	1540.23111
2025-12-11T16:45:52Z	327.00000	1559.93200	1540.22768
2025-12-11T16:45:52Z	327.00000	1559.93147	1540.22627
2025-12-11T16:45:52Z	328.00000	1559.93333	1540.22791
2025-12-11T16:45:52Z	328.00000	1559.93175	1540.22646
2025-12-11T16:45:53Z	328.00000	1559.93190	1540.22791
2025-12-11T16:45:53Z	329.00000	1559.93399	1540.22723
2025-12-11T16:45:53Z	329.00000	1559.93119	1540.22737
2025-12-11T16:45:54Z	329.00000	1559.93211	1540.23323
2025-12-11T16:45:54Z	329.00000	1559.93325	1540.24645
2025-12-11T16:45:54Z	330.00000	1559.93814	1540.34295
2025-12-11T16:45:54Z	330.00000	1559.94399	1540.39458
2025-12-11T16:45:55Z	330.00000	1559.94537	1540.41011
2025-12-11T16:45:55Z	331.00000	1559.95232	1540.42896
2025-12-11T16:45:55Z	331.00000	1559.95783	1540.44002
2025-12-11T16:45:56Z	331.00000	1559.95149	1540.36461
2025-12-11T16:45:56Z	331.00000	1559.94419	1540.30040
2025-12-11T16:45:56Z	332.00000	1559.93922	1540.26943
2025-12-11T16:45:56Z	332.00000	1559.93856	1540.24633
2025-12-11T16:45:57Z	332.00000	1559.93515	1540.23553
2025-12-11T16:45:57Z	332.00000	1559.93469	1540.23154
2025-12-11T16:45:57Z	333.00000	1559.93065	1540.22841
2025-12-11T16:45:57Z	333.00000	1559.93119	1540.22630
2025-12-11T16:45:58Z	333.00000	1559.93332	1540.22523
2025-12-11T16:45:58Z	334.00000	1559.93035	1540.22528
2025-12-11T16:45:58Z	334.00000	1559.93247	1540.23027
2025-12-11T16:45:59Z	334.00000	1559.93259	1540.22640
2025-12-11T16:45:59Z	334.00000	1559.93097	1540.22865
2025-12-11T16:45:59Z	335.00000	1559.93149	1540.23310
2025-12-11T16:45:59Z	335.00000	1559.93190	1540.22950
2025-12-11T16:46:00Z	335.00000	1559.93118	1540.22704
2025-12-11T16:46:00Z	336.00000	1559.93617	1540.26895
2025-12-11T16:46:00Z	336.00000	1559.93785	1540.35704
2025-12-11T16:46:01Z	336.00000	1559.94184	1540.39749
2025-12-11T16:46:01Z	336.00000	1559.94777	1540.41089
2025-12-11T16:46:01Z	337.00000	1559.95116	1540.42532
2025-12-11T16:46:01Z	337.00000	1559.95474	1540.40138
2025-12-11T16:46:02Z	337.00000	1559.94420	1540.31517
2025-12-11T16:46:02Z	337.00000	1559.94132	1540.27591
2025-12-11T16:46:02Z	338.00000	1559.93698	1540.25455
2025-12-11T16:46:03Z	338.00000	1559.93316	1540.23406
2025-12-11T16:46:03Z	338.00000	1559.93440	1540.23256
2025-12-11T16:46:03Z	339.00000	1559.93064	1540.22791
2025-12-11T16:46:03Z	339.00000	1559.93361	1540.22768
2025-12-11T16:46:04Z	339.00000	1559.93138	1540.23167
2025-12-11T16:46:04Z	339.00000	1559.93166	1540.22802
2025-12-11T16:46:04Z	340.00000	1559.93149	1540.22665
2025-12-11T16:46:05Z	340.00000	1559.93062	1540.22591
2025-12-11T16:46:05Z	340.00000	1559.93605	1540.27554
2025-12-11T16:46:05Z	341.00000	1559.93839	1540.35306
2025-12-11T16:46:05Z	341.00000	1559.94439	1540.39736
2025-12-11T16:46:06Z	341.00000	1559.94529	1540.40993
2025-12-11T16:46:06Z	341.00000	1559.94720	1540.42105
2025-12-11T16:46:06Z	342.00000	1559.94524	1540.35662
2025-12-11T16:46:07Z	342.00000	1559.93705	1540.28661
2025-12-11T16:46:07Z	342.00000	1559.93736	1540.26089
2025-12-11T16:46:07Z	343.00000	1559.93288	1540.25099
2025-12-11T16:46:07Z	343.00000	1559.93245	1540.25822
2025-12-11T16:46:08Z	343.00000	1559.93200	1540.25576
2025-12-11T16:46:08Z	343.00000	1559.93286	1540.25383
2025-12-11T16:46:08Z	344.00000	1559.93424	1540.23455
2025-12-11T16:46:09Z	344.00000	1559.93209	1540.22873
2025-12-11T16:46:09Z	344.00000	1559.93136	1540.23003
2025-12-11T16:46:09Z	345.00000	1559.93401	1540.22824
2025-12-11T16:46:09Z	345.00000	1559.93167	1540.22888
2025-12-11T16:46:10Z	345.00000	1559.93228	1540.22899
2025-12-11T16:46:10Z	345.00000	1559.93386	1540.22749
2025-12-11T16:46:10Z	346.00000	1559.93099	1540.22941
2025-12-11T16:46:11Z	346.00000	1559.93273	1540.24162
2025-12-11T16:46:11Z	346.00000	1559.93251	1540.23009
2025-12-11T16:46:11Z	347.00000	1559.93210	1540.22809
2025-12-11T16:46:11Z	347.00000	1559.93334	1540.22734
2025-12-11T16:46:12Z	347.00000	1559.93450	1540.26656
2025-12-11T16:46:12Z	347.00000	1559.94200	1540.36875
2025-12-11T16:46:12Z	348.00000	1559.94248	1540.40343
2025-12-11T16:46:13Z	348.00000	1559.94952	1540.41229
2025-12-11T16:46:13Z	348.00000	1559.94790	1540.40434
2025-12-11T16:46:13Z	349.00000	1559.94292	1540.32460
2025-12-11T16:46:13Z	349.00000	1559.93627	1540.28166
2025-12-11T16:46:14Z	349.00000	1559.93551	1540.25308
2025-12-11T16:46:14Z	350.00000	1559.93355	1540.24083
2025-12-11T16:46:14Z	350.00000	1559.93353	1540.23211
2025-12-11T16:46:15Z	350.00000	1559.93234	1540.22878
2025-12-11T16:46:15Z	350.00000	1559.93230	1540.22581
2025-12-11T16:46:15Z	351.00000	1559.93363	1540.22508
2025-12-11T16:46:15Z	351.00000	1559.93086	1540.22431
2025-12-11T16:46:16Z	351.00000	1559.93231	1540.22521
2025-12-11T16:46:16Z	352.00000	1559.93374	1540.22509
2025-12-11T16:46:16Z	352.00000	1559.93084	1540.22519
2025-12-11T16:46:17Z	352.00000	1559.93203	1540.22580
2025-12-11T16:46:17Z	352.00000	1559.93472	1540.23354
2025-12-11T16:46:17Z	353.00000	1559.93637	1540.32818
2025-12-11T16:46:17Z	353.00000	1559.93927	1540.37302
2025-12-11T16:46:18Z	353.00000	1559.93836	1540.29431
2025-12-11T16:46:18Z	353.00000	1559.93278	1540.24482
2025-12-11T16:46:18Z	354.00000	1559.93286	1540.23083
2025-12-11T16:46:19Z	354.00000	1559.93405	1540.22639
2025-12-11T16:46:19Z	354.00000	1559.93183	1540.22431
2025-12-11T16:46:19Z	355.00000	1559.93334	1540.22892
2025-12-11T16:46:19Z	355.00000	1559.93284	1540.22637
2025-12-11T16:46:20Z	355.00000	1559.93162	1540.22409
2025-12-11T16:46:20Z	356.00000	1559.93339	1540.22812
2025-12-11T16:46:20Z	356.00000	1559.93196	1540.22626
2025-12-11T16:46:21Z	356.00000	1559.93178	1540.22403
2025-12-11T16:46:21Z	356.00000	1559.93345	1540.22687
2025-12-11T16:46:21Z	357.00000	1559.93179	1540.22544
2025-12-11T16:46:21Z	357.00000	1559.93323	1540.24291
2025-12-11T16:46:22Z	357.00000	1559.94093	1540.34975
2025-12-11T16:46:22Z	357.00000	1559.93989	1540.39785
2025-12-11T16:46:22Z	358.00000	1559.94101	1540.38844
2025-12-11T16:46:23Z	358.00000	1559.93731	1540.29341
2025-12-11T16:46:23Z	358.00000	1559.93350	1540.26599
2025-12-11T16:46:23Z	359.00000	1559.93471	1540.23370
2025-12-11T16:46:23Z	359.00000	1559.93362	1540.27125
2025-12-11T16:46:24Z	359.00000	1559.94037	1540.37375
2025-12-11T16:46:24Z	359.00000	1559.94412	1540.39762
2025-12-11T16:46:24Z	360.00000	1559.94680	1540.41102
2025-12-11T16:46:25Z	360.00000	1559.95346	1540.42690
2025-12-11T16:46:25Z	360.00000	1559.95085	1540.37517
2025-12-11T16:46:25Z	361.00000	1559.94162	1540.29443
2025-12-11T16:46:25Z	361.00000	1559.93724	1540.26079
2025-12-11T16:46:26Z	361.00000	1559.93466	1540.24260
2025-12-11T16:46:26Z	361.00000	1559.93351	1540.23173
2025-12-11T16:46:26Z	362.00000	1559.93189	1540.22801
2025-12-11T16:46:27Z	362.00000	1559.93089	1540.23413
2025-12-11T16:46:27Z	362.00000	1559.93137	1540.22874
2025-12-11T16:46:27Z	363.00000	1559.93074	1540.22668
2025-12-11T16:46:27Z	363.00000	1559.93329	1540.22719
2025-12-11T16:46:28Z	363.00000	1559.93113	1540.22822
2025-12-11T16:46:28Z	364.00000	1559.92965	1540.22780
2025-12-11T16:46:28Z	364.00000	1559.92366	1540.23048
2025-12-11T16:46:29Z	364.00000	1559.92809	1540.35929
2025-12-11T16:46:29Z	364.00000	1559.93555	1540.39591
2025-12-11T16:46:29Z	365.00000	1559.93585	1540.35338
2025-12-11T16:46:29Z	365.00000	1559.93145	1540.30236
2025-12-11T16:46:30Z	365.00000	1559.93563	1540.37025
2025-12-11T16:46:30Z	366.00000	1559.93373	1540.36051
2025-12-11T16:46:30Z	366.00000	1559.93524	1540.32010
2025-12-11T16:46:31Z	366.00000	1559.92483	1540.27698
2025-12-11T16:46:31Z	366.00000	1559.93387	1540.40701
2025-12-11T16:46:31Z	367.00000	1559.93804	1540.39378
2025-12-11T16:46:31Z	367.00000	1559.97156	1540.39491
2025-12-11T16:46:32Z	367.00000	1559.95576	1540.33386
2025-12-11T16:46:32Z	367.00000	1559.94662	1540.33491
2025-12-11T16:46:32Z	368.00000	1559.94236	1540.30514
2025-12-11T16:46:32Z	368.00000	1559.94239	1540.36115
2025-12-11T16:46:33Z	368.00000	1559.94296	1540.28303
2025-12-11T16:46:33Z	369.00000	1559.94323	1540.28634
2025-12-11T16:46:33Z	369.00000	1559.94126	1540.29034
2025-12-11T16:46:34Z	369.00000	1559.94347	1540.37148
2025-12-11T16:46:34Z	369.00000	1559.96111	1540.41143
2025-12-11T16:46:34Z	370.00000	1559.95993	1540.41063
2025-12-11T16:46:34Z	370.00000	1559.95949	1540.39933
2025-12-11T16:46:35Z	370.00000	1559.94643	1540.34433
2025-12-11T16:46:35Z	370.00000	1559.94276	1540.33027
2025-12-11T16:46:35Z	371.00000	1559.94505	1540.31319
2025-12-11T16:46:35Z	371.00000	1559.94265	1540.29207
2025-12-11T16:46:36Z	371.00000	1559.94384	1540.28301
2025-12-11T16:46:36Z	372.00000	1559.94259	1540.29563
2025-12-11T16:46:36Z	372.00000	1559.94318	1540.32181
2025-12-11T16:46:37Z	372.00000	1559.94266	1540.36257
2025-12-11T16:46:37Z	372.00000	1559.96280	1540.41470
2025-12-11T16:46:37Z	373.00000	1559.95299	1540.40825
2025-12-11T16:46:37Z	373.00000	1559.96157	1540.41761
2025-12-11T16:46:38Z	373.00000	1559.96918	1540.41638
2025-12-11T16:46:38Z	373.00000	1559.95758	1540.39971
2025-12-11T16:46:38Z	374.00000	1559.94816	1540.31258
2025-12-11T16:46:38Z	374.00000	1559.94199	1540.27266
2025-12-11T16:46:39Z	374.00000	1559.92676	1540.25166
2025-12-11T16:46:39Z	375.00000	1559.91663	1540.21861
2025-12-11T16:46:39Z	375.00000	1559.89090	1540.24025
2025-12-11T16:46:40Z	375.00000	1559.87024	1540.21432
2025-12-11T16:46:40Z	375.00000	1559.87884	1540.22028
2025-12-11T16:46:40Z	376.00000	1559.88395	1540.21021
2025-12-11T16:46:40Z	376.00000	1559.87638	1540.21128
2025-12-11T16:46:41Z	376.00000	1559.86293	1540.23594
2025-12-11T16:46:41Z	377.00000	1559.87165	1540.26265
2025-12-11T16:46:41Z	377.00000	1559.87299	1540.26020
2025-12-11T16:46:42Z	377.00000	1559.88775	1540.34441
2025-12-11T16:46:42Z	377.00000	1559.91831	1540.41603
2025-12-11T16:46:42Z	378.00000	1559.90019	1540.60531
2025-12-11T16:46:42Z	378.00000	1559.91292	1540.67434
2025-12-11T16:46:43Z	378.00000	1559.90692	1540.45338
2025-12-11T16:46:43Z	378.00000	1559.88305	1540.21977
2025-12-11T16:46:43Z	379.00000	1559.90099	1540.25177
2025-12-11T16:46:44Z	379.00000	1559.86327	1540.22761
